0.135880688496444
0.132860478871982
0.129869870499146
0.125835038259263
0.121857015790853
0.117936742327008
0.114075138422618
0.110273107553502
0.106531535253182
0.102851287310976
0.0992332075407752
0.0956280351532738
0.0920874586920847
0.0886121571065954
0.0852027758232515
0.0814930814595289
0.0778672753618678
0.074326171057679
0.0708705179566893
0.0675009980671619
0.0642182227536481
0.0611020669889225
0.0580702860792699
0.0551231375374511
0.0522607909793533
0.0494833271913667
0.0467907372817579
0.0441829219212315
0.041659690676183
0.0392371363682182
0.0368956368117803
0.0346347433166955
0.0324539327797632
0.0303526073475432
0.0283300941541904
0.0263856451291592
0.0245184368683138
0.0227275705603132
0.0210120719579488
0.0193708913811989
0.0178028766948227
0.0163066687279865
0.014880760062361
0.0135235672655549
0.0122334451212402
0.0110086895403881
0.00984754043461777
0.00874818453187858
0.00770875810884354
0.00672734960568448
0.00580200207556932
0.00493071540015681
0.00411144816777856
0.00334211905151993
0.00261979084548232
0.00194502150025855
0.00131535771407436
0.000728188213095407
0.000180717978690667
-0.000330076330621399
-0.000807314663514155
-0.00125388435577348
-0.00167246218370272
-0.0020655823425149
-0.00243566656681437
-0.00278504024673268
-0.00311594154390981
-0.00343052662386348
-0.00373087257476578
-0.00401897887344388
-0.00429676789990586
-0.00456608480514527
-0.00482869692295788
-0.00508629284712562
-0.00534048125144143
-0.00559278950142496
-0.00584466208746305
-0.0060974588961393
-0.0063524533276513
-0.00661083026116589
-0.00687368386589028
-0.00714299122558534
-0.00741349340569987
-0.00768596299725986
-0.00796112084374519
-0.00823963540260877
-0.00852212207702708
-0.00880914251903987
-0.00910120390520549
-0.00939875818595344
-0.00970220130993256
-0.0100118724248111
-0.0103280530561699
-0.0106562438870141
-0.0109911693350998
-0.0110588474430547
